3.38 [E/11/132] P.AGregory
1.7 3.3 3.3 4.0 4.0 4.0 

3.23 [E/11/201] D.S.L.Karunasekara
2.0 2.7 3.3 3.7 3.7 4.0 

3.07 [E/11/054] B.S.Bulathsinhala
1.0 2.7 3.3 3.7 3.7 4.0 

3.07 [E/11/269] D.N.U.Naranpanawa
1.7 3.0 3.0 3.0 3.7 4.0 

3.05 [E/11/188] J.L.M.M.Jayawardena
2.0 2.3 3.0 3.3 3.7 4.0 

2.87 [E/11/171] J.D.C.Jayalath
1.3 1.3 3.3 3.3 4.0 4.0 

2.83 [E/11/148] D.H.M.S.N.Herath
1.0 1.3 3.0 3.7 4.0 4.0 

2.83 [E/11/163] T.D.Hirimuthugoda
1.0 2.7 2.7 3.3 3.3 4.0 

2.83 [E/11/452] Y.A.D.S.S.Wijerathna
1.3 1.3 2.7 3.7 4.0 4.0 

2.72 [E/11/384] E.L.W.Shantha
1.3 2.0 2.3 3.0 3.7 4.0 

2.62 [E/11/037] H.M.A.P.KBandara
1.7 2.3 2.3 2.7 3.0 3.7 

2.62 [E/11/080] J.P.T.Dhanushka
1.0 1.7 2.3 3.0 3.7 4.0 

2.5 [E/11/020] D.M.A.M.K.L.Andradi
0.0 1.3 2.7 3.3 3.7 4.0 

2.5 [E/11/060] G.D.Chathuranga
1.0 2.0 2.3 3.0 3.0 3.7 

2.5 [E/11/067] W.T.Darshana
1.7 1.7 2.0 2.3 3.3 4.0 

2.5 [E/11/337] R.M.D.MRathnayake
0.0 2.0 2.0 3.0 4.0 4.0 

2.45 [E/11/237] Y.M.P.NLankathilaka
1.3 2.0 2.3 2.7 2.7 3.7 

2.45 [E/11/308] W.M.S.Prasadima
1.0 1.7 2.0 2.3 3.7 4.0 

2.4 [E/11/105] U.W.T.DEhelepola
0.0 1.7 1.7 3.3 3.7 4.0 

2.4 [E/11/106] C.N.Ekanayake
1.3 1.3 2.7 2.7 2.7 3.7 

2.4 [E/11/268] N.B.U.SNanayakkara
1.0 1.7 2.7 2.7 3.0 3.3 

2.38 [E/11/204] K.P.D.H.M.Karunatissa
1.0 1.0 3.0 3.0 3.0 3.3 

2.35 [E/11/145] S.K.E.Harshani
1.7 1.7 2.0 2.3 2.7 3.7 

2.35 [E/11/315] R.M.P.Rajapaksha
0.0 1.7 1.7 3.0 3.7 4.0 

2.33 [E/11/040] K.M.P.Bandara
1.0 1.3 2.3 2.7 2.7 4.0 

2.33 [E/11/193] K.E.G.A.P.Kadurugasyaya
0.0 2.3 2.7 2.7 3.0 3.3 

2.33 [E/11/431] I.L.Weeraratne
0.0 2.0 2.3 2.7 3.0 4.0 

2.33 [E/11/486] S.S.Manamendra
0.0 1.0 1.7 3.3 4.0 4.0 

2.32 [E/11/436] N.B.Weerasinghe
1.0 1.3 1.3 3.0 3.3 4.0 

2.23 [E/11/032] B.M.N.M.Balasooriya
0.0 2.0 2.0 2.7 3.0 3.7 

2.22 [E/11/044] R.M.L.SBandara
1.0 1.7 2.0 2.0 3.3 3.3 

2.22 [E/11/113] M.S.D.Eranga
1.0 1.7 2.0 2.3 2.3 4.0 

2.22 [E/11/297] K.N.M.Perera
1.0 1.0 2.0 2.7 3.3 3.3 

2.22 [E/11/368] S.Selvaluxmiy
0.0 2.0 2.3 2.3 3.0 3.7 

2.22 [E/11/438] W.M.T.G.I.S.Weerasooriya
1.0 1.3 2.0 2.7 3.0 3.3 

2.15 [E/11/010] T.M.S.U.B.Abeysinghe
1.0 1.3 2.0 2.3 3.0 3.3 

2.12 [E/11/217] B.U.Kulathilaka
1.0 1.7 1.7 2.3 2.3 3.7 

2.12 [E/11/405] D.N.Tennakoon
1.0 1.7 2.0 2.0 2.0 4.0 

2.12 [E/11/444] W.R.M.B.C.Wickramasinghe
1.0 1.3 1.7 2.0 3.0 3.7 

2.1 [E/11/024] A.S.P.Athukorala
0.0 2.0 2.3 2.3 2.7 3.3 

2.1 [E/11/133] D.L.Gunaratne
1.3 1.3 1.7 2.0 3.0 3.3 

2.1 [E/11/258] M.M.D.B.Marasinghe
1.0 1.3 1.3 2.7 3.0 3.3 

2.07 [E/11/137] K.A.R.L.A.Gunawardana
1.0 1.3 1.7 1.7 2.7 4.0 

2.07 [E/11/174] D.N.Jayanath
0.0 1.7 2.0 2.7 2.7 3.3 

2.05 [E/11/183] O.M.D.N.I.Jayathilaka
1.0 1.0 1.7 2.3 3.0 3.3 

2.05 [E/11/313] M.P.Prematilake
0.0 1.0 2.0 2.3 3.3 3.7 

2.05 [E/11/343] A.R.S.PRodrigo
0.0 1.3 2.3 2.7 2.7 3.3 

2.05 [E/11/353] J.CSamarasinghe
1.3 1.7 2.0 2.3 2.3 2.7 

2.05 [E/11/395] K.V.C.C.Somathilaka
1.0 1.3 1.3 1.7 3.3 3.7 

2.0 [E/11/014] A.S.M.C.BAgalawatte
0.0 1.0 2.0 2.0 3.0 4.0 

1.9 [E/11/305] W.D.Y.NPiyasinghe
0.0 0.0 1.0 2.7 3.7 4.0 

1.88 [E/11/059] B.V.O.Chathuranga
1.0 1.0 2.0 2.0 2.3 3.0 

1.88 [E/11/311] E.K.V.MPremaratne
0.0 1.3 1.3 1.7 3.3 3.7 

1.88 [E/11/419] R.Velmakivan
1.0 1.0 1.3 2.0 3.0 3.0 

1.87 [E/11/029] K.Balakayan
1.3 1.3 1.3 1.7 2.3 3.3 

1.82 [E/11/143] M.G.Harischandra
0.0 1.3 1.3 2.0 2.3 4.0 

1.78 [E/11/209] P.Keerthanan
1.0 1.0 1.7 1.7 2.0 3.3 

1.78 [E/11/484] K.W.H.N.T.Hettiarachchi
0.0 1.0 1.3 1.7 2.7 4.0 

1.77 [E/11/139] S.D.T.Guruge
0.0 1.3 1.7 2.3 2.3 3.0 

1.73 [E/11/019] W.G.N.M.Amarasinghe
0.0 1.0 1.7 2.0 2.7 3.0 

1.73 [E/11/379] A.S.D.Senevirathna
0.0 1.0 1.7 2.0 2.7 3.0 

1.72 [E/11/429] W.M.D.B.Weerakoon
0.0 1.0 1.0 2.3 3.0 3.0 

1.62 [E/11/028] B.A.N.Y.Balaarachchi
0.0 1.0 1.0 1.7 2.7 3.3 

1.6 [E/11/485] W.T.S.Wehalla
0.0 1.0 1.3 1.7 2.3 3.3 

1.55 [E/11/488] K.G.DE.A.Rajapakse
0.0 0.0 1.3 2.0 2.7 3.3 

1.52 [E/11/487] M.B.K.Jayawardhana
0.0 0.0 1.0 1.7 2.7 3.7 

1.43 [E/11/064] G.D.RDabarera
0.0 0.0 1.3 2.3 2.3 2.7 

1.22 [E/11/381] V.Seralathan
0.0 0.0 1.0 1.7 2.3 2.3 

